0.327026868203929
6.625304093206181
2.165895406950135
9.951107444390237
0.8485648636090071
4.081570687595565
4.771368669616946
3.1102311421080584
1.8768193165691027
8.072674321897251
3.1309068816060948
9.787080417687118
6.600998349429008
2.6710447495232694
3.4165167240826055
1.6165470779062219
1.8806534805576536
0.751617881751131
4.410309124459611
0.18846408456235753
4.496955948860056
1.9967473916132406
1.8688430701153391
1.4511819773196044
8.742593992700469
2.6616638441147633
7.309494965709415
5.953880536990884
4.218551046783957
7.221604109234273
5.965730102894915
9.629676017199587
0.46258829373201693
7.844241621196382
6.674327343255495
6.898178076808374
4.821429177097826
4.553395353230738
6.963336861649413
7.874890233558744
7.009446189226491
6.698057732092222
6.320426043101186
1.0983698323551438
5.728522717069595
1.1837378489342698
2.991263901279261
7.629476664606329
4.271708949353059
8.539938812102639
3.6286899745694257
4.303676508380846
4.81487661391231
7.214867472542381
2.457224978686967
0.4671733544501444
7.11832478104029
6.2602537534936165
3.0357275113387616
3.3015039025480863
6.538701213568013
5.324209583136907
9.482841159993647
6.450514752929902
1.4900168353820697
4.766847094924503
1.460833119944599
0.5826825573466754
0.020353339709129337
1.6733821536399152
2.696198612940992
1.395312945315803
8.777332693457154
1.755472653101956
1.2748584147409336
7.800922544223213
2.734458325552324
7.0421575302608685
1.458511811736164
4.688154828471315
5.095973583917802
8.657592017236546
0.21496948178165165
6.337404942445012
2.17156493885305
9.575479051788871
0.10198861443629026
0.6929882263688225
6.494891212857226
9.884698694212704
9.316042956377693
7.111268359498293
0.4868317749085449
2.406497640473556
4.656757906327189
7.439217647474058
5.13915076560308
4.757161246997601
1.847490786482615
9.168697576076356
6.683159128883079
7.714171457327536
1.6165734100256801
2.5306204880212135
6.339298250266511
0.10210525804424608
1.1003508599412404
4.743155963404986
9.185163275448694
2.7937443525214842
1.1141114924043272
7.0540909740250415
9.129903573736133
1.8980774920806587
3.4301258209005248
9.445048746306808
5.796780507320922
0.44534021413356717
3.209940054999395
0.9195583763729909
4.654919989943278
9.187840553077873
1.7518652579259053
0.21949376159550948
8.410228963658996
2.34787677162414
2.5852044196487123
6.151749601035828
2.5039317238240786
6.144078134210113
1.174896461384809
1.911837516791428
7.226965878086304
1.594389474298017
6.300219578534638
3.3715023607195937
2.2820953859002193
4.526193946302851
8.33943801115895
0.7274889133221396
4.964440427371036
9.997660198220297
2.3233421821123157
8.105264780673116
8.24696685332788
8.879654921822354
7.880395188254072
5.183768356522061
4.255347246579612
4.622642116850077
8.27545917311381
3.9120289201307825
8.102217907356117
7.034193278152311
0.5076337127304087
9.147044099367852
8.974395392498746
9.818142739910185
1.214303456100001
6.8023404871890225
7.057894746276046
8.815562024727136
0.5425338017472281
5.676322878276833
7.898471081677597
8.143837254203335
1.5873747872039334
9.635093991829633
0.7942407324209322
0.019888844642919068
4.599224624138154
4.6514119107333505
6.058643318282249
3.8420753273269694
7.421441158458659
2.8786064065637795
1.6465510639776737
0.5413671100012529
2.896114401938752
6.082789228050805
7.646273033306725
7.566345004016633
7.429407412725557
0.0995472015833343
4.062080726031487
6.477007028638182
1.8087187601724342
4.391022285295857
9.826594283062215
5.223389929326668
3.6960813926046834
5.570560093278938
5.30501341490549
4.4415505316682555
8.164266144185437
2.277645878510688
3.7422993536988116
5.104586398736636
5.9604895253120525
3.9317134856807225
6.155496901125696
4.7356413910369515
0.5494594865413782
1.3760732486481486
2.3240962706135795
2.6222583053143875
2.2069800319182384
8.016764074360573
9.222642518320123
6.224321520948347
6.86301356678905
1.751639299123523
5.693753839239115
7.9743018729949435
3.0542335775024263
8.758876863609757
0.10063610290556357
7.646238777366868
6.886969314596609
4.824715214861616
8.866518783045565
4.515666749376312
3.947905543813419
1.745969352706065
5.23645226324065
2.8921589206292153
5.492822453169794
3.4905229306402
2.3897863791146357
0.4219221578095955
8.69259670706391
9.078611739125765
7.097657472083227
6.327456925945857
4.2959736708216
5.096707155992285
2.998672685435826
5.424546796475926
8.21656756010072
6.609649068417426
2.324921580240801
9.390606417414421
6.546369723169196
6.509618448772284
6.409006434071388
3.6704051248976666
2.2743300001878843
4.897791815572736
7.987634546090926
7.743498972079844
5.116682989039995
2.5434486690828706
3.8475142790263996
7.424395718362041
1.000175292371851
0.25534452689546017
3.853666284616012
0.36412511165809014
3.1253882292748503
2.6637715473977175
1.7984862526451484
4.555208720741507
1.0540189637363395
2.189171000692104
1.4291083509951608
2.545974942087421
2.695644010040982
9.467306817584614
9.156751668683253
0.6763688897033204
9.236389030216372
2.642302575906009
7.204442027921911
5.077279602249379
3.089101409881466
3.2504360435956503
3.8876234017311595
8.25087808079322
7.87437609986697
0.7935227650515286
1.5281747571272108
7.161823910181151
4.813889744704584
1.4767480586434611
1.3535295700166339
8.442890563417444
2.6668674940142214
7.201797056951593
0.48569212294601316
9.15424940482959
7.141962333027311
4.151212403258242
5.1469339165899575
7.396885325470573
2.5687621121628403
4.386493202210056
8.55289429053515
3.753192128379946
7.0134003059219925
3.091885972749254
1.0198836058134064
1.6497062967678944
3.6891237083156128
8.135376823617845
2.575459161320498
8.65716212798911
5.3312570186283805
5.642618748579293
6.5164757515113045
0.28364092179784195
3.050861401748628
5.818792099349903
0.33106230634223244
4.980382381077957
4.624747074000664
9.40004502690457
9.162685475427132
1.723660114212463
6.8040857398347345
1.2509715769711416
6.3929045823243404
6.404927146042088
4.618292970732209
9.837487714729619
2.451859698271609
8.827217951889317
2.0212446112989655
6.977253310835103
6.43076887893552
7.495584351803618
8.065770919012813
8.126738853362829
4.600292418116082
9.277158591888824
4.240856747649044
5.393906061137842
5.313410596431115
2.307952658875462
7.559146083380163
7.538240960249968
3.444305175309136
9.907306597006299
1.0059934950227445
4.841414568266127
4.0538762799380486
5.7420076699373555
6.249458855053649
5.1529097428787765
7.494044220164135
2.106274696643209
7.029388670317318
3.7222111151151194
9.75024412217526
5.006803541431319
2.660007593385876
0.9103041962176028
5.139647305881214
9.15331968211898
1.9667295559307574
9.099688791266171
4.55471078703709
2.7644160195843916
2.9295016936425666
4.585666849249181
2.339367803424456
5.210878812379461
3.5747255289057946
1.3895968477608789
7.048325435397206
3.638738672715136
7.582967688982301
8.804910281691084
0.10979015182822294
2.5247824955855194
8.656084204401386
0.48317445018613236
0.3689941673645092
2.760729962554924
7.008893159103464
5.434172788981295
0.2518285421467714
2.902516767329404
5.135887369121227
5.162938252714148
4.656505838102825
0.5578794227940165
8.83795645620147
3.023167002651231
5.211657608444472
0.6655198197913381
5.858912027547499
2.899830136618482
1.9986656422729165
0.4776045513587013
4.9102449567152275
7.789260432368195
5.931693862344539
7.730445394619637
7.193106743745826
9.500320830535468
3.370517276748677
1.407388123278095
0.6264117374690636
1.1377217452168686
7.342605556999794
6.675116954005155
7.92082820210069
9.519273001455575
2.1076589587231833
2.5974239558322543
4.762848584565051
1.9259219926782611
7.563431475784173
6.681070013784098
5.434186232918269
3.5243811621432917
7.593330949382238
6.8312281519813265
0.8179178588299263
4.346542016719575
5.435373591277396
7.2922722656693475
4.178773063488565
2.1844108219877265
2.516646855168696
8.564650136566843
4.365482992033247
9.059909725132641
6.908541834534692
7.92741135722456
6.157618414766128
8.436615798746868
4.332549090542893
2.3612168988048876
4.122898281912704
3.141754117050998
0.5603753177118376
1.1622506170986135
5.548968816668898
7.89727709759555
9.285311180923975
5.230358850715506
4.015580661316481
6.402943356628508
6.980068442040376
6.300413867713567
6.253528467611829
6.837461423963077
4.634470322849254
6.604119805339882
9.659692658005067
5.389859660043071
7.349623431312796
4.509538993853733
0.0689974272947591
2.0228824783324164
0.6183331753669741
6.999196279030425
2.9014375871126585
0.10413620907394172
5.973430709339281
5.282608346018205
5.9992720114855524
0.8794953299200026
7.3759142868536465
9.03953920003584
2.31634190350169
2.2065011820262836
2.63739361314403
4.082119085475014
4.961478963861968
7.530292419070172
8.31788405453556
5.0896721258067235
0.9936183893631756
4.186266837905341
4.330906295640002
5.839782359696565
4.139162680062977
2.2708274944552143
3.881187659831543
4.394308555401734
9.93198176935279
8.493755116791847
1.7625381851467292
9.537687309751282
9.711636424956444
2.2307328700217752
9.553720448483624
4.047757362425813
2.646715680643492
4.824585889706788
7.575610972096433
2.7674026691545253
3.575875501400072
1.6447494287702313
9.0949760381836
9.601123897418189
2.8887596724447206
8.840730721007132
3.6501696578389184
0.09406843201147597
0.45792197927959744
3.14752210961439
9.571465577664814
2.608686813868811
5.281846097620688
8.454480063392742
8.390046030242772
6.020645247009064
7.350714251358804
6.7888179340291135
4.145134398016196
0.2519960703908297
5.266719189624149
2.2524439085772796
7.7785043432320675
8.761897051578496
4.549285255788948
6.788466443779763
3.8619354729347464
4.952688418139556
3.8029594739561046
4.642554102782741
5.9444066265902995
1.0140094225372243
7.71048516150722
6.188771467458381
6.445502940471331
0.9363584223558541
9.716887010344749
7.384327253777907
5.393692882194943
1.6793499122497524
8.54852787442953
9.973280823951441
1.8860895427807844
1.249839076114454
3.4357978198673766
7.564241618870192
9.736941671872234
3.707240624093152
1.7272004123908347
6.716672797243774
7.874818783736231
7.21122541595395
9.817906295621926
4.111917746939646
8.34979821708018
9.12128212271523
4.146972804123936
2.0372628742946084
0.46112875273911724
3.945578906535805
5.031744511442305
1.0239889877900288
8.114290880367324
3.0590532096223386
4.891944511963758
1.6890345727904055
8.015468302276057
1.2250200295039049
2.9584237987780924
5.5021132703326785
3.4947956393223967
7.283351290961403
2.3644259946341837
4.95849455625134
4.575353958719974
3.373946270857433
9.48850253507852
6.7104261895307795
0.04322173822686626
9.833890766340835
8.40428526800014
7.013660147219759
6.869320165168542
3.3451887223855703
5.978617941461528
3.949057277125727
7.610239725917384
1.1547593099503484
6.665784488079957
1.1030802304323561
6.123410481912856
2.89656819846312
9.16173812578159
4.01593714438916
5.678794848250362
8.498943851917772
0.3845855598890169
9.25843319054615
4.095029932569446
3.3342594068722633
7.901444498301069
2.875610727801723
2.1780349743736984
9.07126604499829
7.519571777779548
8.499876767208344
2.1292544468434507
5.904892258976018
5.316335532453499
8.340988671313877
7.087611270539952
2.3584028157616563
4.967291750337187
1.9414074082640087
5.932686344973765
8.590948118257108
8.136036679703386
6.616981946964425
6.716350440183029
4.697930626514274
7.428386386631062
1.362146779714537
5.333867548211263
4.4459000553746275
6.42151976898092
5.472244780359406
9.534767638103233
9.49709776378711
0.9030326111155274
5.16566090807326
9.583872238975221
2.3432584502568843
4.395415305209021
7.8701324365137095
0.7984167343447313
4.524219666049557
2.626097843190335
4.021021980715314
3.176610955977981
0.5817704503018895
7.27949939140432
3.6499799123267476
5.662479704174375
0.29732891974055153
2.0404253334388036
4.818052311882097
9.671858816885816
5.120720322517701
3.311751502881765
9.413626818209584
3.606855887879181
1.6046775965050941
9.690180637357065
3.1786193524782727
5.382037785451218
7.771225085777672
2.6573328909602933
4.00782539694111
6.811127518974455
8.555300322849224
9.917885355168917
4.427645621865194
7.7309496356688765
5.23169223322142
4.706944710387553
4.846799440208289
2.6655959591692833
9.744433350991073
7.912913712799334
7.94961159823214
1.8907450661493175
8.774966521138856
8.421906526763557
1.6579227861732793
4.174291708618942
3.6508549420312675
1.3786783359037202
5.491305469031804
7.8933956869395505
2.8666751677856803
5.472235277348368
2.7379234277255806
6.168104762726222
1.138807779290395
0.031000073445579535
2.9238851363041407
6.271641133142991
1.3397708973398559
6.619365185560424
7.8421377125408895
5.245906120133295
8.445675605458897
1.5359744964252242
2.1798532957667716
6.869408293215008
8.362677598637397
4.364240972092998
1.156216829657316
3.9695375957319645
0.2515802609283879
4.7240529936674225
1.269059256868752
5.099539734717755
8.499150745339769
5.0496710994846215
5.643520445831102
4.303894324652818
4.075573244694986
1.3294354789323126
9.541487470714168
6.603596705787273
1.6787880154043822
5.279164302471507
6.481826929172825
7.854999082740518
6.9623011558239165
3.0708216504267662
0.5720601423515914
9.481041236020465
2.458224501445784
1.3072972969939634
4.0512963354245315
6.266260764283759
2.6804557123917028
6.586861381519537
0.32594416946010063
9.182388465909709
6.194234703537996
7.757886390352555
1.3902347749220612
8.310677241041903
2.0885983621604023
8.410933869856818
4.480224628134461
0.14314689121820545
9.881270551242942
1.1473347353158347
4.99642968815672
3.06027055280496
6.9859497045084815
3.1192042091605696
5.633047688259614
2.40224407419439
9.908602219292177
3.209805836564964
4.941169164592041
8.856308221431103
4.263302838096335
6.404948207402461
8.773408673094442
3.64949148246556
6.864325427187207
9.796175300653381
4.377495421615358
9.823427895330788
0.8690288669501889
9.797000441355413
5.046653563895504
6.209977081458614
3.8397036353837932
1.1454013764389603
8.022848787551215
5.568888605063075
9.706322941258577
5.99184350908918
7.3545752609219175
8.720824148541892
6.176323193782705
9.231539522038966
9.490767257425485
5.730279236901908
5.6789730823189535
9.226368961377503
3.851185972696929
6.392683649679791
1.9595357306368666
1.9748059827261377
4.292333163814126
3.1107304457584437
8.130325458709276
8.801053435802933
7.719816496451997
5.477132898951373
2.8774175338401697
9.467714799934374
4.231680076253655
1.1497474122879103
0.7205411709128606
7.54159516849133
9.130971319552389
7.721142383835604
6.659368953132225
1.1602472766725125
4.523215332042869
0.2792841113902411
7.198289652367885
8.840350184200979
0.6049158328676496
0.75261093017575
7.375520955995812
7.214750731325349
5.231073723784553
1.3155724238533617
9.509468637710862
3.1719657551251803
4.669366198685641
8.24776821829637
5.195372309589987
1.373804868234143
4.944657506550033
4.744262627826289
5.964873157852409
2.223705541221052
0.7822130449056586
5.187652638522421
3.238629484727318
6.292161850304386
6.299482028862272
5.469981162701297
0.013011581662603078
4.87580690343984
5.964491937783379
7.355869950724782
6.243897709693843
8.09966285120827
9.404372840281058
8.53565221652931
2.0598803976397937
5.334446473897159
8.47620810345049
7.990567262871416
0.8903909982879044
4.7521944468420365
9.504421717104453
1.4308912064894952
1.516330828404926
9.789829785410767
5.182188466525018
6.681906281425509
2.6732543348642333
8.074187353646549
8.499530797742164
3.8808143437381726
5.036211715135205
8.94264979787787
0.4480756902799854
3.3337899880889657
0.6499267719196589
5.512014239448025
8.021301246316664
2.53533205359218
1.2075613514041517
7.683251992801637
0.862248330320361
3.4651713195575917
9.35546992960625
6.4597544873277535
3.952384037414326
5.825226002823949
9.435768432640492
6.435520835187219
4.1788265727834775
6.223597152972813
6.64909692519053
3.402758497307615
0.7496147441406842
3.14875636593683
2.7300277065724665
3.0528618174867974
2.264361848252616
1.344494525611739
9.375057217641093
5.5578205816067
2.2828806729674698
0.26768459515165377
7.3592946738390115
2.750934667978564
5.398862316115477
0.29499328905830513
5.293069369513911
0.043305000016257145
9.54245712730811
5.349911649862117
6.1605608468921025
0.07684783794430383
7.567627748689918
3.717447117857228
9.259524739084435
0.9781310624619066
2.8142564057092967
2.7290029804742124
9.73597259047445
1.9820510185466733
4.740913051678747
0.29916991828486617
6.654682041103943
0.4376627111646625
8.939654904661566
2.991877145252655
2.856149624880847
5.32056510406559
9.263920796716917
6.0432968735510775
4.9796971855391
4.833135894693705
0.29632421916352847
0.30695957113342165
8.317102009959756
8.449196724576051
6.747977021431498
0.03555099409146223
9.00333960684754
0.8052800288405515
7.873473028264286
2.855007070922868
7.68780752189388
0.2803757276606611
8.451197961347258
2.6156201935272225
6.392279661751191
2.29556157676724
9.168470069472948
2.7556033976389127
0.8362735892645756
9.074643766713935
0.42657254509456566
8.11803362721915
2.2212736731071256
9.021664698935414
5.76784790569411
6.933236898705905
7.183572767266869
8.45912837770069
3.66866956091231
1.9438667336620097
0.6457742391626253
6.8734833048509465
2.2302185502479266
1.3685890148797386
4.556766954477133
4.925376173762127
4.358716996578812
9.16865519774155
9.240132103500086
1.6491865513728732
5.723968196147854
0.2742309126806475
4.1971695725089955
5.83236153677109
8.742513796994743
7.870799076020775
9.504419728291737
4.49674657107083
6.583496183693742
3.8357058337920646
8.409671756509473
1.5449167791067386
4.545560926436158
6.382174618287875
8.466956414436526
1.621258695330049
6.932160672173585
4.037430194951331
8.45911192586773
3.1383414175108495
8.79517516339386
7.991461520489759
3.393851760776765
6.990069860117671
4.604590905989884
4.478882747719819
9.463360866198437
2.4323375513792342
9.019914355858193
3.347514447619464
7.806950078681137
9.628133668531753
9.895260177273508
7.823133073069578
0.029550057136756847
1.0401532289399062
0.9788886227407845
5.963725980441854
4.062508002062723
9.150543245261684
1.9043507909103352
4.781783046205954
4.8405171370134426
6.383079177958328
3.2417408197447797
7.239560665086964
3.249729736045097
4.0708789919870645
4.861785510608986
6.052468787782215
7.410180362665829
5.254981757622882
0.42257526561931935
3.446726953492502
7.0814205771039305
8.995571852223671
0.32143799827309305
3.4287688958871563
2.3873072112180616
2.339861911063891
3.3822156138529005
7.797869071873129
1.335486676780242
3.4613387236205853
2.478235282105201
3.5508400830546574
9.170645163449215
5.2460033201527985
3.3567230792417146
8.772865841782469
9.921318499662828
2.2857250239148508
9.424953104197684
0.7382225451263635
1.7623354059278484
0.7235401020836951
0.4546820536449325
3.4393388333041033
5.619797709253072
8.58355970705243
9.679573045974069
9.562795524294648
7.949822044379441
2.2365400564895666
5.298824008007967
1.3239896026286035
8.98885843759072
4.768551309721426
8.26908511563712
1.3759407091340647
0.30982244005681725
7.936112280626634
2.2331302663541805
6.845008103760902
7.168323986218528
7.019670097396126
0.4959502280832484
4.961606863447798
9.186291485702581
0.14720032518771187
9.859610043370429
7.506023208527513
4.22821933452679
6.168851871161747
4.338227789639467
9.147707243794974
8.517639552540604
8.880823122210451
7.099275334626349
1.938157587501168
4.222234437780049
8.526299217788113
2.012882304945862
1.3629542678729833
1.0759045886207774
5.746099197180423
7.4672221375805385
8.572129898080913
8.904306063592497
2.658497483838328
4.913324768775706
5.317186624750324
0.7625411442167485
2.8261609248202904
8.189806258174418
6.151569658046015
8.245950972655866
3.372197814526251
4.165030377079699
2.9507961452718945
3.782639923285923
3.6389119062242417
3.453647860119622
2.7792266563269843
5.7330372942692005
6.355909775554849
2.4970374166711293
2.982993301493514
7.801687622195809
3.9207566806966856
0.9414074626333502
4.287729171631563
5.459665548808468
9.419626575757764
2.808878401682531
6.914070094084113
8.397835847868825
9.366364227409587
2.821133739721983
3.647829003939279
0.3511750783051115
6.444968915258805
2.9576260047179117
6.089018387873253
3.6172353091703258
1.4950922186336424
8.782981811789723
8.803392014841808
1.5751961655055224
0.1155598983277839
8.173213984404619
0.2839907794251506
5.762325370066349
0.7693229817746283
2.2530713966253324
6.080778985508512
1.7077934688443597
6.637921368650005
7.9735785734982105
6.407499517032473
5.550485752308454
1.634458761211235
5.82625280115367
5.527634035680416
9.918833011765196
6.400397413061544
7.685766958001623
5.762942193644244
5.87045582822891
7.623849650533767
1.4739482059639442
9.971137966844246
8.084895118346923
7.933836247277684
7.74089363378209
5.375918575603479
2.7003769055958915
2.1276508592856738
4.660493941121773
1.6790867895130301
7.975346589774832
9.309558169983658
0.031115563108731203
4.535182135881334
3.9460089743002804
6.85387327273407
9.437194410967482
7.740981951178021
4.901701499775962
0.6670167209587119
9.859887859879194
2.683209116168798
7.598006420306423
9.302078431343974
2.9260562552785596
7.683692267370273
3.0646368106743385
3.5824298617478547
9.0381668028496
8.87912117985318
3.008543019059857
0.7716575956944272
1.935510573209407
3.3661743928558763
4.813827348370357
3.503456196437681
5.544502362312519
3.696720222371639
4.8571063385065125
4.21982676620226
2.7815426885788286
3.544518912721042
7.741032925474322
0.7049183622647059
2.9705933606820145
5.53295215130841
4.021268336748566
6.198473314347436
8.803836028948817
2.3215976727196264
4.677160889048725
1.6242577793493806
8.641823005034762
7.407108235357215
4.663780660550312
2.139842175497156
0.3768096669072629
6.487375742469776
5.118128939347137
0.5248599153938338
8.796353016381689
5.53720795808339
7.376899860191378
0.708231246143981
5.141577619865778
3.6827276645997498
7.5283828870116345
6.396665609563837
5.698371400949631
6.109969746635414
1.440736357427591
5.644102114249003
6.0859156338423706
3.474616625742959
6.077744331770734
6.647258006924661
6.6361470793949
3.1047130375964436
8.362272417852495
5.381228790655555
2.7557575424659433
3.7704410157354684
3.512708669090463
5.6547478656881225
9.75656082802648
3.02484794607793
1.2952828137284522
8.500967886148565
4.550430984554479
9.809840833075112
7.1883583686394195
7.70146569148758
2.0123211442534705
1.430525997938864
2.150828576620806
3.483374823222544
1.3118161791106164
4.724385600775652
4.788027208644885
3.6955384138111813
6.040111846673756
2.683468474568228
1.0204714189489228
4.33019680832086
8.402169220478633
9.153718000007357
3.2650940844332945
7.461738492575939
0.09181761238868935
6.034701185525653
3.63790076129395
4.397164794807811
5.008886761859122
1.7305663118586534
1.4415795211743554
1.7988318947292847
1.1613832682170122
5.891926236258472
5.97017804776062
3.3341389173972678
3.257422259056113
0.878108974367996
0.15399949333884777
1.317501200439134
4.399850647661399
3.7639625288556178
5.826969155161316
6.01534836281553
3.274906514079303
2.8173737592583037
9.32055305710149
1.2254726478375444
3.5729750253640824
2.0038832906963364
5.449006425213493
5.249072903655643
0.678140048808481
7.372274935246433
4.910055538747498
3.5844233125613623
8.016362384090392
9.701460157792102
4.344782470514006
3.72573555001275
4.094572015387717
1.7041218611976394
5.054952583995071
4.3188973512077204
4.695192386206619
3.7881594130109564
2.2748025238546576
5.642148916964585
5.621888170016623
4.888682019374776
2.103994048296467
1.3351106283005532
4.365002579883744
2.008793623281634
7.578127780445475
4.074045514790386
0.15696161482011584
5.090694690806693
5.624614175165602
1.1355495855500486
8.917586240233039
6.575173743204848
0.7183756943336339
6.965855738561457
8.196436922175765
0.9930825291304979
6.3644799513290735
6.71045819861547
7.950226774601468
6.31773689820033
8.674489534013127
8.471636306703607
4.107335804909164
4.274899134110106
5.362269153644243
0.9380727128556288
3.747923042889166
4.9594780398305485
6.691720609340602
6.031779029585788
7.41765606636481
0.08350740507185095
8.030282782036114
8.055223044918852
7.165657298150979
5.461277690777999
8.37180128471503
4.638545903025749
0.8572744606221172
7.718347820510924
1.890414035655127
8.11488638620616
6.476316318331827
7.8754013666734215
7.893830403549352
1.497719765267047
5.2286025599550054
4.348166035715475
1.4404301547287457
8.358257071347797
0.9658457299589818
6.389339493251009
3.685986998372325
4.478621055951871
2.7185813656822235
4.87034861875321
3.8610655453176834
9.081053007227737
3.657484019386239
6.118929985517939
5.31096586445255
3.5739300722038836
8.182573598817827
6.172098796043882
5.87188834502261
1.1239973702570039
2.8657726716928256
8.782304781744038
4.51804375732634
1.8446891701376678
8.629605579716076
4.930465352136024
6.059285059084726
6.295909461446039
6.286655155470466
6.301707502182051
5.325019549318925
6.991048797348757
9.045182296328582
5.808746434371828
5.591069079483251
8.891573735974704
4.833976743484959
1.4558430730916894
2.515334029942806
5.831360130588738
5.50227038260715
1.0077042823310145
8.145249898066028
6.140419606614649
4.657567414245804
4.088818746539119
1.786966885596979
4.749851623457946
8.861776583841884
3.20567877242403
0.38389212455839594
8.607959262190652
6.136507856939878
0.12274807643293584
0.8050103980426582
1.7520191572585275
7.323763699351275
3.612123307907912
7.1491149801840095
9.719752357525195
5.879324268804891
7.177551569932653
3.8727704538191574
7.818794798162466
7.645091025283182
1.6096913535983426
3.3891607505248067
0.3263785730122082
0.19144111606827718
3.843641172105412
9.337698728577179
2.8739286420301005
7.981660877364484
2.8643935556960534
9.043776670858282
9.078492070344081
9.061880173386259
7.462370205173819
5.10573125791023
0.5648066422374121
7.637117937079383
7.836872180828019
4.815105315654506
5.326788855965466
2.9944497869432762
1.896108191952558
6.3112525786826525
7.064283486750177
1.9612285887655678
0.6811654723950766
4.797824037377482
8.320583715279122
3.15826883052696
5.505735768046209
7.373121642484579
2.5011755989088424
7.265893339993591
6.7846528089821545
2.8595984963901278
4.751144528992932
4.5544437172546
8.210793642228714
1.1241882194494934
9.533232124417246
6.880729843473881
9.713125651033712
0.5007206074105786
2.5272580472683295
7.213650924455482
7.563178794530309
4.408003663149202
9.549533042158446
4.046746500634093
0.30821402579211954
0.6588872631838205
0.21601872377599585
2.082997037327617
3.183062507605684
3.8944911739427726
0.18178560780248487
6.853587095453998
4.1153539645529005
6.498603542445722
9.148093925850487
7.012070622680916
9.74790290320649
2.2211745591082996
5.508049995542957
4.239930790761153
7.3224233502478135
1.3127243328256366
5.437843137611427
6.633047318409414
3.1615486331390654
8.838285156902623
7.910343677012652
0.8866286265480694
0.11493826785583305
2.891679861148957
9.54850515438297
4.256497468268795
0.7524202796745305
5.142334607776996
5.74755311750307
4.486873766578307
8.214565209745757
5.218291685291893
8.730083707365022
9.966469201786394
7.847751139688116
2.4973758595011155
3.0360674568666077
9.127527622875228
6.4298954716081935
4.74233841799768
6.4275440031438755
7.986116128482193
4.544501442257466
5.0123599257245575
1.831907324685832
4.881064916865086
2.79637983659497
0.9796505831751112
3.5076036792684153
9.754962307072875
8.170070184007338
1.8606520341104948
4.937991756437727
8.40106135229263
4.170597658021203
3.8125709599363744
6.236307265990908
7.84767658093411
7.669616963679062
4.502205899829509
2.578371640222674
3.918689864812036
0.6603788048381631
1.0794744430904146
5.404635259876002
5.023089549428763
0.18383947701948955
0.2902849407994179
6.266066363423439
3.4503900020076594
7.723673187082111
0.8978491157046742
0.7877145312768041
6.109745196356573
8.948905379280324
9.737073776070613
5.440255488500511
9.663756496405222
7.24651556195373
1.1867600446533944
6.606039606409686
8.313612120822597
0.43876089212575575
7.165647416620891
6.218846763733979
2.491268250781573
6.322757166645938
3.8757825778704644
7.936135124248302
2.0062270527012593
0.2721669184233655
1.8557283673139613
5.628117037430085
7.439303707179702
0.6320893887190315
2.6933234279374982
2.0143622547943982
8.3712884423995
8.413917225516364
0.37884621314018596
2.0650151378755446
7.247753466775829
7.332339908882228
5.143514544145756
2.9091942338564802
6.75326819891316
4.748755020655933
9.438403669002497
3.587978761262187
7.2389591280191805
8.222622900314224
4.969235571897535
5.746723076506795
6.78316895257935
8.664228933796656
7.20742857988133
0.7773951725306039
6.369001756704135
4.960806742712941
8.117590093476425
4.998247176900331
8.252103725742089
6.436781151114765
5.213427090517845
7.037087114515391
1.4273559728071605
9.674972926701118
7.802220028711737
2.1815175935576656
0.9078363601487027
6.470318188678144
0.12677960339731564
9.595748137556178
5.026954747987449
9.23539386947311
3.8019129305289487
1.833602266197577
0.6820491792655681
1.599418675875367
2.9299307939589267
1.6502311148184723
0.48178833488239925
3.7959951307853856
5.171243263299479
9.26864036816392
7.150202475365434
4.177233235330908
8.416870918248918
8.377198764963909
0.9697615961736983
8.547472490813643
6.2584173350142045
7.930468733831573
2.850564061127211
0.19986213060078195
3.8846216080968676
7.1020171841522455
8.186353168537613
2.1965768507283236
7.699039859180797
7.958970507456675
2.006047836321624
4.650803142736849
8.351577171069879
6.750752382219635
9.91030223662468
1.0921020835253092
8.207645779503698
4.151215214459633
5.17966610463983
5.5130842619945675
0.8689420378609314
3.596734006311052
1.123000217333151
1.2512605361015405
8.597179142144368
8.078969889957683
6.260175861619983
2.252769154648618
1.2094383808191567
4.663455431574938
2.1252259141353766
6.806241809293184
3.2948854639838796
3.4085570297689385
4.3006366953652355
4.101620557578683
4.300506223377678
9.10644600308403
5.902705375007883
2.008454927446255
6.132225607440908
8.249830412968093
8.159907413246753
4.159038686360621
3.4147804214565456
0.8966917264708829
1.5126332294194145
3.3305809086123372
7.99637042031124
2.8216992109418113
6.521289544880529
4.525745333742945
4.379963373969841
8.502579467796343
0.6604859986813572
7.8583257110725135
3.0992849838691408
6.840063367326394
5.230149586140978
6.9930255100137355
8.991035484974917
5.51978620257353
5.4277692022674575
7.195598788595218
4.908566504881983
0.49708555357248385
9.213101837594147
6.811369873595288
5.4889815227480865
3.5342410547164063
8.3647605409925
4.497300312935262
8.897415531776039
0.9773795007176789
3.1483050693325563
8.789959086211374
7.919599095123178
0.6083103496198494
1.8974426139839784
2.3919984843303457
6.909927735394682
9.50018717604046
3.526035492490097
7.482060770023349
8.870200488534753
8.11702703775561
7.7023136605053635
0.09145429257098825
0.4111891897453013
4.6631510179375635
7.301051603118934
5.02856582856967
9.049533472847738
5.239275246256339
8.12373250209386
2.471148596666003
9.63670588295314
1.4559876161923702
9.824601947504076
4.189550010147761
4.069151413569597
4.434969684574401
7.095581553243444
5.91483777857197
7.706090425936925
4.497312077291835
2.2260015098520123
8.739878997189667
3.8632788110473038
5.774139443356653
3.9052213826701507
8.904062316224152
9.548509241173967
8.150490783619965
7.15197916769787
2.5661846494368956
5.9734435124729055
7.493778811363602
9.949491421013835
7.477394001362555
8.951741138564534
9.154192957934015
7.638657015922434
3.59828360478766
3.7557950887790215
7.009144467518612
7.23454294589499
4.1364484579148755
1.6783861729357874
9.399293983453166
4.45137447922775
3.463359190180888
5.585414474090868
8.050546491041658
3.303112160997906
7.485517112645238
3.752074772631154
8.541528368739096
6.80621261993744
8.29059276421005
7.371163807055999
6.548871300546079
5.605826680025455
0.5825661810470995
0.9012588937314825
1.1125274273743146
4.009169568241938
7.76304765364832
2.8008229243844083
2.232447275138462
5.13181763430671
7.096436332410413
9.508888539013798
6.0936242576328965
4.48180090407053
3.22199577055574
8.169550859489
0.27451655176397916
0.32872127117746675
4.2824837623666685
2.1952738352892274
5.944457854230252
1.5970259298252643
9.167479941058621
6.515577085353474
2.0566656193844324
9.822625149994778
2.202981268881264
7.075379741973896
7.2460627854624615
1.4292683139959672
9.866786331989283
4.4113151058944915
4.821681160710685
8.403882302495768
7.742289132008336
5.766017859776545
4.005684904032915
7.692041509936431
7.337342122078713
9.35245905541848
3.3922349623480974
1.230402048063708
9.801000842933645
8.549176223919897
2.6460079694682825
3.7697527665824992
4.4402836684905385
8.061674445609308
2.347862394645941
8.15712033747057
7.618402148087776
3.243098309605872
1.220261437622736
5.063621216824532
8.553815665356431
1.0996055037492325
0.10816541668789204
0.6547834923588147
3.4475304964567375
7.5500001266329395
2.917638826376253
4.596579554094409
2.7199835859808106
0.8140368034997858
4.376934462026333
5.736809144704839
5.860121781516103
2.6115655419520287
2.95041004880901
3.354755138748071
3.7650369142671902
9.050317305057673
5.034150050932261
0.6395067008753019
1.787881190858207
7.851200750378338
1.6415122207322541
3.159569712132523
7.438025642550924
3.23193732162139
6.324601933522393
6.893237259272481
7.2121069102845246
1.9196175175237418
9.852205985738275
8.719898335570495
4.527441624032816
6.272446906342793
8.180770034518995
2.7684815221823813
2.1722425692454617
2.84705832267922
6.538727121571364
2.749626265166457
6.926282073543462
9.502444430273515
9.510027690602179
6.676954567637906
8.718949814178897
8.3698064109619
1.3864415074615621
9.47886508972659
0.8907672909217434
6.6625203755412645
1.6002627843947315
9.120253441661145
0.5397537978462319
0.8711350125728456
6.642865019111328
4.321950784379162
0.18369944607451671
7.7599983465431634
8.968269801072452
9.410323870011467
3.4444066772258464
1.1456149091120094
5.860869326283511
2.1199122915358948
3.5653500973650107
6.350661783493209
4.636024938143766
9.802426666603237
0.5462387030459126
1.1619898782476845
4.947583352903258
7.4313623033430565
5.545218383315077
7.593242588479642
5.6231400800827185
2.8059698109121225
1.9917503252380575
1.2302297421286912
3.5461777746035947
2.07173912973063
2.7641619231530647
8.79075406474418
8.551370332257921
0.41996868614393223
8.859659684814606
2.407220767440527
4.671774046135323
1.0687028475383342
5.846080911608613
0.4669533661352898
4.643850023352084
2.4834433232747264
0.9975156433883559
9.98225811885687
5.161710751472711
3.925523191391851
4.599187740345968
9.390151003788521
2.2947797916242862
4.8100883992525425
9.793492308050503
8.434496989891496
9.134196749914675
9.506745818282864
7.253208614809616
0.05213790543789343
9.281136594779825
6.762988735595111
1.7755257653425094
8.19098328373019
9.57037095966011
7.837640887010143
7.320270883070839
0.7265972459050618
2.7424040327554158
6.024084775775718
2.9050329878336667
0.9508417550659243
7.5318482679211485
6.176192064745259
8.745330864201714
1.706101108893241
2.2522290469347492
6.516869608393518
4.208475809162946
3.4703981000209816
3.9291063488794755
1.8448638050748611
6.147950478739639
4.042771429505642
2.2952480020948185
1.4204620659744838
8.94633589362697
9.111608709164177
7.45089637480894
7.52351592062828
1.6290712162591814
5.058801228755546
5.673158243194893
2.7234597130970895
9.958507441251305
1.5641235316173308
6.512827241206063
7.929024159971048
0.5558956310517815
1.304337119543012
0.37864981909150885
8.022968786082851
7.528056307064176
7.293321238822934
3.358757093505762
7.049145730760909
1.407901593758344
3.1425157851826704
3.1357958237783237
8.024929844203069
0.04236385401775289
8.533402313444517
6.43029387465416
6.3017761128390815
9.44848411465244
2.6278335889925355
5.788603102811091
3.0601338780650975
2.3944381958235086
3.912902284118891
4.5429606530349815
2.5696110606844202
0.19569617005998796
4.444388073835796
4.560703274793041
6.220303870638215
1.9998066153447591
9.534915948028438
3.137207244027781
3.8456935814075144
6.076224912914463
4.339375261795667
5.239460450017399
6.6379163738129865
2.8243505960152104
7.266335093955638
8.018600887360378
2.3497975756623655
6.818006750892379
5.101036890510075
7.7035380107890905
4.252495033968792
1.7407293765495901
4.436835457841701
5.555521943971774
3.2572344293031286
9.599657310909894
9.325207204482977
2.031278605815782
6.355308941494419
1.5305571780632843
3.264380062650173
3.5563063921195925
3.9895533313476728
5.486699765372405
5.4775669854061615
2.712741742721194
3.238457850048139
6.5092463331906245
3.412275933618173
0.616834470678167
6.712579749612132
6.635272082117981
9.268710488211072
6.555327388351361
8.445077091848463
0.09716478742261891
5.441663549151644
2.849209745496477
2.6149727806006693
4.701942585078357
7.788850331398878
8.732619569466264
6.9837886461337675